Table name: /Users/lord/Downloads/Galaxies and Cosmology Data.csv
+------------------+-----------+----------+----------+----------+--------+--------+--------+-------+-------+-------+-------+-------+-------+------+-------+------+-----+-------+-------+-------+-------+-------+-------+---------+---------+---------+---------+---------+---------+---------+----------+---------+----------+--------+--------+--------+-------+---------+---------+---------+---------+----------+--------------------+
| id               | raj2000   | dej2000  | lgal     | bgal     | k_tc   | h_tc   | j_tc   | e_kt  | e_ht  | e_jt  | e_bv  | r_iso | r_ext | b_a  | type  | v    | e_v | u_psf | v_psf | g_psf | r_psf | i_psf | z_psf | u_petro | v_petro | g_petro | r_petro | i_petro | z_petro | FUVmag  | e_FUVmag | NUVmag  | e_NUVmag | W1mag  | W2mag  | W3mag  | W4mag | e_W1mag | e_W2mag | e_W3mag | e_W4mag | type_int | NUVmag_corr        |
+------------------+-----------+----------+----------+----------+--------+--------+--------+-------+-------+-------+-------+-------+-------+------+-------+------+-----+-------+-------+-------+-------+-------+-------+---------+---------+---------+---------+---------+---------+---------+----------+---------+----------+--------+--------+--------+-------+---------+---------+---------+---------+----------+--------------------+
| 12572435+2729517 | 194.35147 | 27.49772 | 48.84293 | 88.62389 | 9.195  | 9.325  | 10.077 | 0.036 | 0.03  | 0.025 | 0.01  | 1.636 | 1.978 | 0.66 | -3A   | 7338 | 2   |       |       |       |       |       |       |         |         |         |         |         |         | 19.1751 | 0.1391   | 18.2234 | 0.067    | 10.585 | 10.655 | 10.111 | 8.537 | 0.023   | 0.02    | 0.056   | 0.347   |          | 18.14540011771023  |
| 12573584+2729358 | 194.39938 | 27.49326 | 48.21744 | 88.58398 | 10.991 | 11.175 | 11.87  | 0.032 | 0.026 | 0.019 | 0.01  | 1.114 | 1.369 | 0.9  | -5__D | 7311 | 2   |       |       |       |       |       |       |         |         |         |         |         |         | 20.7991 | 0.3103   | 19.9817 | 0.1357   | 11.165 | 11.251 | 10.648 | 8.386 | 0.022   | 0.021   | 0.082   |         |          | 19.90370089896023  |
| 12561213+2744440 | 194.05058 | 27.74551 | 63.48275 | 88.77596 | 9.709  | 10.005 | 10.687 | 0.041 | 0.036 | 0.024 | 0.009 | 1.486 | 1.757 | 0.86 | -3    | 6915 | 9   |       |       |       |       |       |       |         |         |         |         |         |         | 20.6092 | 0.2789   | 18.6614 | 0.0953   | 10.911 | 11.024 | 10.476 | 8.576 | 0.022   | 0.02    | 0.073   |         | -3       | 18.59119984433055  |
| 12573284+2736368 | 194.38683 | 27.61028 | 52.84256 | 88.56061 | 10.556 | 10.834 | 11.572 | 0.031 | 0.027 | 0.021 | 0.009 | 1.233 | 1.483 | 0.88 | -4    | 6034 | 2   |       |       |       |       |       |       |         |         |         |         |         |         | 20.9629 | 0.2917   | 19.6851 | 0.1184   | 10.899 | 10.976 | 10.327 | 8.442 | 0.023   | 0.022   | 0.067   |         | -4       | 19.614900558441878 |
| 12583518+2735467 | 194.64664 | 27.59633 | 49.76932 | 88.34531 | 10.562 | 10.936 | 11.614 | 0.028 | 0.023 | 0.018 | 0.01  | 1.124 | 1.459 | 0.78 | -1__R | 7733 | 28  |       |       |       |       |       |       |         |         |         |         |         |         | 18.6472 | 0.0905   | 17.3021 | 0.0301   | 10.712 | 10.636 | 7.463  | 5.705 | 0.022   | 0.021   | 0.017   | 0.046   |          | 17.224099229648708 |
| 12584742+2740288 | 194.69757 | 27.67473 | 51.86491 | 88.27916 | 10.929 | 11.216 | 11.86  | 0.071 | 0.067 | 0.046 | 0.011 | 1.241 | 1.658 | 0.78 | -2    | 8382 | 2   |       |       |       |       |       |       |         |         |         |         |         |         | 21.2262 | 0.3333   | 19.4415 | 0.1285   | 11.752 | 11.816 | 11.171 | 8.471 | 0.023   | 0.022   | 0.135   |         | -2       | 19.355699710547924 |
| 12584869+2748368 | 194.70296 | 27.81033 | 55.98923 | 88.22795 | 11.115 | 11.18  | 11.875 | 0.041 | 0.032 | 0.03  | 0.013 | 1.143 | 1.49  | 0.44 | -2    | 5919 | 2   |       |       |       |       |       |       |         |         |         |         |         |         |         |          | 20.2187 | 0.1416   | 11.333 | 11.397 | 10.447 | 8.285 | 0.022   | 0.021   | 0.083   |         | -2       | 20.117300406843423 |
| 12590821+2747029 | 194.78418 | 27.78412 | 54.37863 | 88.1706  | 11.088 | 11.319 | 11.973 | 0.039 | 0.035 | 0.025 | 0.012 | 1.117 | 1.372 | 0.92 | -5    | 7029 | 2   |       |       |       |       |       |       |         |         |         |         |         |         | 20.8451 | 0.2742   | 20.3781 | 0.1776   | 11.385 | 11.488 | 10.89  | 8.715 | 0.022   | 0.02    | 0.11    |         | -5       | 20.28449944071472  |
| 12594713+2742372 | 194.94646 | 27.71032 | 50.85078 | 88.05829 | 10.976 | 11.227 | 11.946 | 0.04  | 0.037 | 0.025 | 0.008 | 1.378 | 1.592 | 0.34 | -2    | 8439 | 17  |       |       |       |       |       |       |         |         |         |         |         |         | 21.5924 | 0.4057   | 19.5577 | 0.1142   | 11.444 | 11.519 | 10.899 | 8.467 | 0.023   | 0.021   | 0.115   |         | -2       | 19.49529920052737  |
| 13005609+2747268 | 195.23373 | 27.79078 | 50.93174 | 87.79164 | 9.84   | 10.155 | 10.821 | 0.038 | 0.037 | 0.028 | 0.008 | 1.462 | 1.814 | 0.81 | 4X2P  | 7972 | 2   |       |       |       |       |       |       |         |         |         |         |         |         |         |          | 16.5394 | 0.0238   | 11.046 | 10.97  | 7.647  | 5.624 | 0.022   | 0.02    | 0.018   | 0.041   |          | 16.477000097744167 |
| 13015375+2737277 | 195.47394 | 27.6244  | 45.59171 | 87.62604 | 9.889  | 10.16  | 10.831 | 0.024 | 0.025 | 0.016 | 0.009 | 1.401 | 1.607 | 0.9  | -4A   | 7857 | 2   |       |       |       |       |       |       |         |         |         |         |         |         | 20.0927 | 0.1948   | 18.6814 | 0.0764   | 10.481 | 10.556 | 10.067 | 8.685 | 0.023   | 0.019   | 0.056   | 0.429   |          | 18.611200302094222 |
| 12564283+2801138 | 194.17854 | 28.02046 | 70.57956 | 88.52936 | 10.917 | 11.194 | 11.987 | 0.05  | 0.048 | 0.035 | 0.008 | 1.21  | 1.572 | 0.94 | -1A   | 6255 | 2   |       |       |       |       |       |       |         |         |         |         |         |         | 22.0217 | 0.5127   | 20.121  | 0.153    | 11.456 | 11.566 | 10.791 | 8.903 | 0.023   | 0.022   | 0.09    | 0.399   |          | 20.05860028695315  |
| 12582185+2758037 | 194.591   | 27.96776 | 61.99922 | 88.25037 | 11.031 | 11.422 | 12.009 | 0.043 | 0.04  | 0.028 | 0.012 | 1.143 | 1.501 | 0.84 | -2    | 6011 | 2   |       |       |       |       |       |       |         |         |         |         |         |         | 20.8522 | 0.2684   | 19.4042 | 0.11     | 11.388 | 11.438 | 9.873  | 8.434 | 0.022   | 0.021   | 0.051   | 0.315   | -2       | 19.310599599406125 |
| 12583023+2800527 | 194.6259  | 28.01471 | 62.85159 | 88.20079 | 10.997 | 11.355 | 11.917 | 0.043 | 0.039 | 0.026 | 0.01  | 1.182 | 1.505 | 0.94 | -4    | 7146 | 2   |       |       |       |       |       |       |         |         |         |         |         |         | 21.7393 | 0.3977   | 19.7697 | 0.1251   | 11.489 | 11.571 | 10.976 | 8.435 | 0.022   | 0.021   | 0.119   |         | -4       | 19.691699098423122 |
| 12592333+2754418 | 194.84727 | 27.91161 | 57.34513 | 88.07103 | 10.608 | 10.834 | 11.633 | 0.038 | 0.032 | 0.027 | 0.011 | 1.241 | 1.529 | 0.86 | -5    | 6859 | 9   |       |       |       |       |       |       |         |         |         |         |         |         | 20.7198 | 0.2559   | 19.2026 | 0.1044   | 11.11  | 11.203 | 10.406 | 8.589 | 0.022   | 0.02    | 0.083   | 0.364   | -5       | 19.116800479590893 |
| 12591525+2758147 | 194.81355 | 27.97077 | 59.31271 | 88.07363 | 10.993 | 11.5   | 12.183 | 0.062 | 0.061 | 0.046 | 0.011 | 1.152 | 1.61  | 0.7  | -5    | 4821 | 2   |       |       |       |       |       |       |         |         |         |         |         |         | 20.8224 | 0.2551   | 19.7264 | 0.1059   | 11.434 | 11.529 | 10.197 | 8.716 | 0.022   | 0.02    | 0.06    | 0.444   | -5       | 19.640600375831127 |
| 12591312+2758369 | 194.80467 | 27.97694 | 59.57932 | 88.07803 | 10.6   | 10.765 | 11.588 | 0.049 | 0.04  | 0.033 | 0.011 | 1.236 | 1.612 | 0.92 | -5__P | 6755 | 2   |       |       |       |       |       |       |         |         |         |         |         |         | 20.8903 | 0.2788   | 19.6684 | 0.1248   | 11.033 | 11.128 | 10.519 | 8.565 | 0.022   | 0.02    | 0.082   |         |          | 19.582599811255932 |
| 12590603+2759479 | 194.7751  | 27.99667 | 60.45436 | 88.09276 | 11.375 | 11.629 | 12.338 | 0.049 | 0.044 | 0.033 | 0.011 | 1.217 | 1.447 | 0.64 | -2A   | 7667 | 2   |       |       |       |       |       |       |         |         |         |         |         |         |         |          | 20.3873 | 0.1651   | 11.779 | 11.829 | 10.971 | 9.091 | 0.023   | 0.022   | 0.153   | 0.527   |          | 20.301500491797924 |
| 12583636+2806497 | 194.6515  | 28.11375 | 65.16959 | 88.13137 | 11.263 | 11.441 | 12.187 | 0.038 | 0.033 | 0.027 | 0.01  | 1.228 | 1.453 | 0.34 | 98    | 6803 | 2   |       |       |       |       |       |       |         |         |         |         |         |         | 21.9641 | 0.4632   | 20.0845 | 0.1414   | 11.537 | 11.617 | 10.818 | 8.637 | 0.024   | 0.022   | 0.11    |         |          | 20.006499360874294 |
| 12591985+2805038 | 194.83275 | 28.08434 | 62.05272 | 88.00721 | 10.48  | 10.729 | 11.422 | 0.027 | 0.024 | 0.018 | 0.01  | 1.312 | 1.521 | 0.44 | -4    | 4579 | 2   |       |       |       |       |       |       |         |         |         |         |         |         | 20.4309 | 0.2144   | 19.2908 | 0.0892   | 10.806 | 10.855 | 9.685  | 7.821 | 0.023   | 0.02    | 0.042   | 0.181   | -4       | 19.212800096347927 |
| 12590392+2807249 | 194.7663  | 28.12364 | 63.87519 | 88.03928 | 10.287 | 10.616 | 11.268 | 0.03  | 0.031 | 0.02  | 0.013 | 1.305 | 1.533 | 0.82 | -1    | 7930 | 2   |       |       |       |       |       |       |         |         |         |         |         |         | 19.6969 | 0.1491   | 18.9745 | 0.0756   | 10.782 | 10.871 | 10.254 | 8.943 | 0.023   | 0.02    | 0.061   | 0.433   | -1       | 18.873100654035806 |
| 12573197+2828368 | 194.38319 | 28.47692 | 78.30161 | 88.09345 | 9.217  | 9.44   | 10.251 | 0.027 | 0.019 | 0.016 | 0.011 | 1.733 | 1.899 | 0.66 | -4    | 6765 | 2   |       |       |       |       |       |       |         |         |         |         |         |         | 20.2182 | 0.2183   | 18.5768 | 0.0712   | 10.548 | 10.596 | 10.038 | 8.628 | 0.021   | 0.02    | 0.056   | 0.358   | -4       | 18.49099939316511  |
| 12580552+2814335 | 194.52312 | 28.2426  | 70.41912 | 88.15298 | 10.72  | 11.092 | 11.726 | 0.033 | 0.031 | 0.025 | 0.011 | 1.417 | 1.61  | 0.38 | 6B    | 7191 | 1   |       |       |       |       |       |       |         |         |         |         |         |         | 16.2904 | 0.0303   | 15.9729 | 0.0163   | 11.257 | 11.038 | 7.271  | 4.587 | 0.023   | 0.02    | 0.016   | 0.028   |          | 15.887100391089916 |
| 12590180+2813309 | 194.75754 | 28.22528 | 66.49847 | 87.99294 | 11.038 | 11.271 | 12.074 | 0.037 | 0.032 | 0.031 | 0.011 | 1.233 | 1.458 | 0.58 | -1X   | 8020 | 2   |       |       |       |       |       |       |         |         |         |         |         |         | 21.1931 | 0.3118   | 20.0434 | 0.1363   | 11.393 | 11.393 | 9.566  | 7.943 | 0.023   | 0.022   | 0.038   | 0.172   |          | 19.957599811255932 |
| 12593079+2753028 | 194.87837 | 27.8842  | 56.28061 | 88.05641 | 11.098 | 11.47  | 12.183 | 0.043 | 0.042 | 0.031 | 0.011 | 1.155 | 1.501 | 0.66 | -2X   | 4725 | 24  |       |       |       |       |       |       |         |         |         |         |         |         | 21.7102 | 0.3925   | 19.9447 | 0.114    | 11.382 | 11.45  | 10.398 | 8.062 | 0.023   | 0.02    | 0.081   | 0.234   |          | 19.858900241553783 |
| 12594438+2754447 | 194.93497 | 27.91246 | 56.48326 | 87.99939 | 11.334 | 11.541 | 12.223 | 0.043 | 0.036 | 0.027 | 0.01  | 1.114 | 1.369 | 0.76 | -5    | 6700 | 2   |       |       |       |       |       |       |         |         |         |         |         |         | 21.2235 | 0.3284   | 20.2412 | 0.1399   | 11.606 | 11.683 | 10.674 | 8.661 | 0.023   | 0.021   | 0.114   |         | -5       | 20.163199495151638 |
| 12593570+2757338 | 194.89877 | 27.95938 | 58.08461 | 88.0101  | 8.857  | 9.019  | 9.838  | 0.03  | 0.024 | 0.021 | 0.009 | 1.7   | 1.873 | 0.9  | -3A   | 7167 | 3   |       |       |       |       |       |       |         |         |         |         |         |         | 19.1271 | 0.1339   | 17.8145 | 0.0653   | 10.62  | 10.697 | 10.119 | 8.495 | 0.023   | 0.021   | 0.056   | 0.376   |          | 17.744300811737777 |
| 12593276+2759008 | 194.88655 | 27.98361 | 58.84869 | 88.00984 | 11.246 | 11.524 | 12.279 | 0.045 | 0.04  | 0.033 | 0.009 | 1.17  | 1.411 | 0.84 | -2    | 5824 | 2   |       |       |       |       |       |       |         |         |         |         |         |         | 21.9031 | 0.4387   | 19.9713 | 0.1277   | 11.665 | 11.766 | 10.726 | 8.355 | 0.023   | 0.023   | 0.102   | 0.317   | -2       | 19.901100128144027 |
| 13001768+2757192 | 195.0737  | 27.95528 | 56.28191 | 87.86976 | 10.672 | 10.904 | 11.683 | 0.029 | 0.025 | 0.021 | 0.01  | 1.253 | 1.471 | 0.82 | -5__P | 6903 | 12  |       |       |       |       |       |       |         |         |         |         |         |         | 20.4482 | 0.2325   | 19.1873 | 0.0813   | 10.841 | 10.88  | 9.736  | 8.248 | 0.022   | 0.02    | 0.049   | 0.265   |          | 19.10929973013699  |
| 13003975+2755256 | 195.16563 | 27.92386 | 54.71748 | 87.80573 | 11.24  | 11.57  | 12.144 | 0.04  | 0.039 | 0.026 | 0.01  | 1.111 | 1.382 | 0.86 | -5    | 7499 | 2   |       |       |       |       |       |       |         |         |         |         |         |         | 21.025  | 0.3031   | 20.3616 | 0.2013   | 11.595 | 11.669 | 10.961 | 8.875 | 0.023   | 0.022   | 0.139   | 0.466   | -5       | 20.283600877597927 |
| 12595601+2802052 | 194.98343 | 28.03474 | 59.13029 | 87.91068 | 11.155 | 11.384 | 12.117 | 0.038 | 0.034 | 0.027 | 0.009 | 1.161 | 1.405 | 0.84 | -5    | 8150 | 2   |       |       |       |       |       |       |         |         |         |         |         |         | 21.2545 | 0.33     | 19.9481 | 0.1325   | 11.528 | 11.606 | 10.624 | 8.629 | 0.023   | 0.021   | 0.086   |         | -5       | 19.877899139374495 |
| 13005445+2800271 | 195.22691 | 28.00759 | 56.20837 | 87.72473 | 10.409 | 10.718 | 11.324 | 0.032 | 0.031 | 0.02  | 0.01  | 1.346 | 1.569 | 0.7  | -3    | 4983 | 2   |       |       |       |       |       |       |         |         |         |         |         |         | 20.0336 | 0.1911   | 19.0904 | 0.1045   | 11.162 | 11.265 | 10.606 | 8.611 | 0.023   | 0.021   | 0.088   |         | -3       | 19.012400697544216 |
| 13004867+2805266 | 195.20274 | 28.09072 | 58.33838 | 87.7115  | 10.896 | 11.044 | 11.836 | 0.029 | 0.025 | 0.02  | 0.011 | 1.161 | 1.41  | 0.66 | 1     | 6967 | 2   |       |       |       |       |       |       |         |         |         |         |         |         | 20.2466 | 0.2314   | 19.6634 | 0.1085   | 11.156 | 11.238 | 10.215 | 9.197 | 0.023   | 0.02    | 0.063   | 0.541   | 1        | 19.57760065048933  |
| 13011761+2748321 | 195.32335 | 27.80899 | 50.79158 | 87.71049 | 10.843 | 11.198 | 11.777 | 0.03  | 0.03  | 0.025 | 0.008 | 1.262 | 1.479 | 0.6  | -1__R | 7300 | 2   |       |       |       |       |       |       |         |         |         |         |         |         | 21.1853 | 0.3205   | 20.0839 | 0.1625   | 11.19  | 11.251 | 10.543 | 8.452 | 0.023   | 0.021   | 0.09    |         |          | 20.021500448696315 |
| 13013176+2750507 | 195.38242 | 27.84748 | 51.32417 | 87.64929 | 10.716 | 10.882 | 11.609 | 0.032 | 0.028 | 0.021 | 0.009 | 1.258 | 1.508 | 0.82 | -3X   | 5463 | 2   |       |       |       |       |       |       |         |         |         |         |         |         | 20.539  | 0.24     | 19.1697 | 0.1086   | 11.143 | 11.234 | 10.723 | 9.145 | 0.022   | 0.021   | 0.094   |         |          | 19.09950062558055  |
| 13015023+2753367 | 195.45926 | 27.89356 | 51.8884  | 87.57065 | 11.365 | 11.795 | 12.567 | 0.073 | 0.078 | 0.061 | 0.009 | 1.104 | 1.58  | 0.84 | -5    | 7549 | 2   |       |       |       |       |       |       |         |         |         |         |         |         | 21.5933 | 0.39     | 19.8925 | 0.132    | 11.868 | 11.921 | 10.812 | 8.481 | 0.023   | 0.022   | 0.101   |         | -5       | 19.82229992672801  |
| 13015756+2800209 | 195.48993 | 28.00583 | 54.15897 | 87.50867 | 10.362 | 10.568 | 11.36  | 0.031 | 0.021 | 0.018 | 0.009 | 1.324 | 1.529 | 0.76 | -4X   | 7719 | 3   |       |       |       |       |       |       |         |         |         |         |         |         | 19.8646 | 0.1567   | 19.3261 | 0.1008   | 10.783 | 10.83  | 9.154  | 7.756 | 0.023   | 0.021   | 0.033   | 0.142   |          | 19.25589939877391  |
| 13014700+2805417 | 195.44588 | 28.09496 | 56.39603 | 87.51279 | 11.198 | 11.417 | 12.12  | 0.036 | 0.034 | 0.023 | 0.008 | 1.243 | 1.467 | 0.3  | -2    | 5801 | 2   |       |       |       |       |       |       |         |         |         |         |         |         |         |          | 20.3703 | 0.167    | 11.513 | 11.565 | 10.905 | 9.106 | 0.023   | 0.021   | 0.117   |         | -2       | 20.30790029000491  |
| 13024442+2802434 | 195.68506 | 28.04535 | 53.6933  | 87.3332  | 10.798 | 11.102 | 11.913 | 0.065 | 0.052 | 0.041 | 0.009 | 1.26  | 1.643 | 0.84 | -5    | 6224 | 2   |       |       |       |       |       |       |         |         |         |         |         |         | 21.7692 | 0.4058   | 19.2247 | 0.1158   | 11.657 | 11.745 | 11.23  | 8.638 | 0.023   | 0.021   | 0.123   |         | -5       | 19.15450093075633  |
| 12595775+2814473 | 194.99063 | 28.24655 | 64.07269 | 87.80657 | 10.387 | 10.66  | 11.355 | 0.038 | 0.035 | 0.026 | 0.011 | 1.307 | 1.612 | 0.88 | -4    | 6707 | 2   |       |       |       |       |       |       |         |         |         |         |         |         | 21.1512 | 0.3265   | 19.6374 | 0.1252   | 11.14  | 11.226 | 10.639 | 8.536 | 0.023   | 0.022   | 0.076   |         | -4       | 19.55159967392683  |
| 13003074+2820466 | 195.12814 | 28.34632 | 64.69592 | 87.65163 | 10.759 | 11.105 | 11.743 | 0.034 | 0.033 | 0.023 | 0.01  | 1.348 | 1.549 | 0.62 | -3__P | 5955 | 2   |       |       |       |       |       |       |         |         |         |         |         |         |         |          | 19.6493 | 0.1178   | 11.37  | 11.487 | 10.686 | 8.496 | 0.022   | 0.022   | 0.096   |         |          | 19.571299623325466 |
| 13005207+2821581 | 195.21698 | 28.36613 | 64.15599 | 87.57419 | 10.822 | 11.048 | 11.729 | 0.03  | 0.027 | 0.02  | 0.01  | 1.25  | 1.471 | 0.52 | -3B   | 7637 | 2   |       |       |       |       |       |       |         |         |         |         |         |         |         |          | 19.8254 | 0.1197   | 11.172 | 11.246 | 10.527 | 9.032 | 0.022   | 0.021   | 0.083   |         |          | 19.747399400547145 |
| 13020865+2823139 | 195.53609 | 28.38717 | 61.53972 | 87.31784 | 11.127 | 11.427 | 12.103 | 0.05  | 0.037 | 0.029 | 0.009 | 1.23  | 1.518 | 0.74 | -3    | 7574 | 3   |       |       |       |       |       |       |         |         |         |         |         |         | 21.5388 | 0.3974   | 19.3533 | 0.0872   | 11.589 | 11.611 | 9.366  | 7.777 | 0.022   | 0.021   | 0.034   | 0.166   | -3       | 19.28310009762645  |
| 13024079+2822163 | 195.67001 | 28.37129 | 60.13357 | 87.21961 | 11.331 | 11.714 | 12.331 | 0.051 | 0.042 | 0.034 | 0.008 | 1.35  | 1.551 | 0.32 | 98    | 7413 | 3   |       |       |       |       |       |       |         |         |         |         |         |         |         |          | 20.0329 | 0.1511   | 11.936 | 11.931 | 10.309 | 8.913 | 0.022   | 0.022   | 0.059   | 0.462   |          | 19.970499853603542 |
| 13051235+2734113 | 196.30153 | 27.56977 | 41.93589 | 86.91115 | 9.979  | 10.258 | 10.97  | 0.031 | 0.025 | 0.023 | 0.01  | 1.403 | 1.65  | 0.72 | -3    | 6884 | 2   |       |       |       |       |       |       |         |         |         |         |         |         | 21.6328 | 0.356    | 18.9704 | 0.0699   | 10.847 | 10.918 | 10.346 | 8.316 | 0.022   | 0.02    | 0.06    |         | -3       | 18.892399858310817 |
| 13025272+2751593 | 195.71973 | 27.86655 | 49.81176 | 87.35778 | 11.274 | 11.678 | 12.372 | 0.049 | 0.04  | 0.03  | 0.008 | 1.185 | 1.544 | 0.52 | 1     | 8210 | 1   |       |       |       |       |       |       |         |         |         |         |         |         | 22.1211 | 0.482    | 19.8476 | 0.1278   | 11.577 | 11.626 | 10.895 | 9.016 | 0.023   | 0.022   | 0.102   |         | 1        | 19.785200933925807 |
| 13030089+2801573 | 195.75371 | 28.03255 | 53.01398 | 87.28013 | 10.303 | 10.46  | 11.168 | 0.025 | 0.02  | 0.016 | 0.011 | 1.373 | 1.569 | 0.42 | 0     | 5377 | 2   |       |       |       |       |       |       |         |         |         |         |         |         | 21.228  | 0.2983   | 18.8485 | 0.0754   | 10.727 | 10.758 | 10.069 | 8.644 | 0.022   | 0.02    | 0.05    | 0.32    | 0        | 18.76269929856062  |
| 13031623+2801494 | 195.81764 | 28.03039 | 52.59719 | 87.2273  | 11.146 | 11.457 | 12.119 | 0.038 | 0.033 | 0.027 | 0.012 | 1.36  | 1.559 | 0.24 | -2    | 6091 | 2   |       |       |       |       |       |       |         |         |         |         |         |         |         |          | 19.0737 | 0.0873   | 11.519 | 11.48  | 8.963  | 7.282 | 0.023   | 0.02    | 0.026   | 0.104   | -2       | 18.980099950358273 |
| 13035077+2759179 | 195.96159 | 27.98833 | 51.01017 | 87.11869 | 11.377 | 11.574 | 12.227 | 0.044 | 0.034 | 0.025 | 0.011 | 1.068 | 1.374 | 0.9  | -5    | 6349 | 2   |       |       |       |       |       |       |         |         |         |         |         |         | 21.4595 | 0.3164   | 19.9825 | 0.1035   | 11.656 | 11.74  | 11.095 | 8.631 | 0.023   | 0.022   | 0.119   |         | -5       | 19.89670007675886  |
| 13034495+2805029 | 195.93729 | 28.08418 | 52.95405 | 87.11012 | 11.396 | 11.615 | 12.351 | 0.042 | 0.038 | 0.026 | 0.01  | 1.149 | 1.393 | 0.66 | 98    | 5626 | 2   |       |       |       |       |       |       |         |         |         |         |         |         | 21.2474 | 0.3028   | 19.4551 | 0.0981   | 11.671 | 11.722 | 9.685  | 7.901 | 0.023   | 0.022   | 0.033   | 0.177   |          | 19.377099107578395 |
| 13034994+2811089 | 195.95808 | 28.18574 | 54.71642 | 87.05897 | 9.994  | 10.26  | 10.913 | 0.028 | 0.021 | 0.019 | 0.008 | 1.584 | 1.758 | 0.34 | -1__D | 6965 | 2   |       |       |       |       |       |       |         |         |         |         |         |         | 20.5126 | 0.2113   | 18.3235 | 0.0682   | 10.694 | 10.75  | 10.093 | 8.695 | 0.023   | 0.02    | 0.049   | 0.292   |          | 18.26109967660159  |
| 13001395+2849412 | 195.05824 | 28.82814 | 74.64178 | 87.4195  | 11.391 | 11.599 | 12.287 | 0.046 | 0.04  | 0.036 | 0.011 | 1.279 | 1.501 | 0.54 | -3    | 7337 | 2   |       |       |       |       |       |       |         |         |         |         |         |         | 21.9027 | 0.3938   | 19.7119 | 0.1296   | 11.932 | 12.007 | 11.357 | 8.554 | 0.023   | 0.023   | 0.158   |         | -3       | 19.626100711524487 |
| 12593914+2853437 | 194.91301 | 28.89551 | 77.67754 | 87.46841 | 10.501 | 10.859 | 11.595 | 0.029 | 0.027 | 0.023 | 0.011 | 1.407 | 1.603 | 0.34 | 0     | 6113 | 3   |       |       |       |       |       |       |         |         |         |         |         |         | 21.2255 | 0.2996   | 18.8226 | 0.1101   | 10.796 | 10.857 | 9.093  | 7.206 | 0.023   | 0.02    | 0.028   | 0.117   | 0        | 18.73679941147566  |
| 13030977+2835004 | 195.79062 | 28.5835  | 62.92575 | 87.02812 | 11.379 | 11.561 | 12.263 | 0.037 | 0.032 | 0.022 | 0.009 | 1.212 | 1.441 | 0.38 | -2    | 6844 | 2   |       |       |       |       |       |       |         |         |         |         |         |         | 21.3876 | 0.3302   | 20.4418 | 0.1941   | 11.578 | 11.663 | 10.982 | 8.804 | 0.023   | 0.021   | 0.104   |         | -2       | 20.371599166840316 |
| 13060554+2835347 | 196.52303 | 28.59299 | 58.11319 | 86.44565 | 11.268 | 11.532 | 12.236 | 0.044 | 0.038 | 0.03  | 0.009 | 1.155 | 1.439 | 0.78 | -1B   | 7927 | 3   |       |       |       |       |       |       |         |         |         |         |         |         | 21.5605 | 0.405    | 20.4042 | 0.1613   | 11.558 | 11.635 | 10.84  | 9.227 | 0.023   | 0.021   | 0.073   | 0.46    |          | 20.333999603241683 |
+------------------+-----------+----------+----------+----------+--------+--------+--------+-------+-------+-------+-------+-------+-------+------+-------+------+-----+-------+-------+-------+-------+-------+-------+---------+---------+---------+---------+---------+---------+---------+----------+---------+----------+--------+--------+--------+-------+---------+---------+---------+---------+----------+--------------------+
